#INFOFILE1.1 - Do not remove this line!
FileIdent = IPGRoad 9.0
FileCreator = CarMaker 9.0
LibVersion = 9.0
Country = DEU
nLinks = 1
nJunctions = 0
nObjects = 59
nRoutes = 1
RoadNetworkLength = 220.698
BBox = -230.710227203884 10.0125838171291 -17.3967348709225 16.9999886891013 -11 11
Route.0.Length = 220.698
RST.Unit = kmh
RST = 50 100 130 30 70 30 0 -1
Movie = 0.2 1 0.01 1.5 1.5 1 1
PathMode = -1
Link.0.ID = 0
Link.0.Junctions = -1 -1 -2 -1
Link.0.Node0 = 0 0 0 180.103
Link.0.RST = countryroad
Link.0.RL.ID = 1
Link.0.Seg.0.ID = 5
Link.0.Seg.0.Type = Straight
Link.0.Seg.0.Param = 220.698 0 0 0 0 0 0 0
Link.0.LaneSection.0.ID = 6
Link.0.LaneSection.0.Start = 0
Link.0.LaneSection.0.LaneL.0.ID = 7
Link.0.LaneSection.0.LaneL.0 = 0 3.5 3.5 0 0 0 0
Link.0.LaneSection.0.LaneL.0.ARP = 10 11 12 13 14 15
Link.0.LaneSection.0.LaneL.1.ID = 18
Link.0.LaneSection.0.LaneL.1 = 0 1 1 4 0 0 0
Link.0.LaneSection.0.LaneL.1.ARP = 21 22 23 24 25 26
Link.0.LaneSection.0.LaneL.2.ID = 28
Link.0.LaneSection.0.LaneL.2 = 0 2.5 2.5 5 0 0 0
Link.0.LaneSection.0.LaneR.0.ID = 31
Link.0.LaneSection.0.LaneR.0 = 0 3.5 3.5 0 0 0 0
Link.0.LaneSection.0.LaneR.0.ARP = 34 35 36 37 38 39
Link.0.LaneSection.0.LaneR.1.ID = 42
Link.0.LaneSection.0.LaneR.1 = 0 1 1 4 0 0 0
Link.0.LaneSection.0.LaneR.1.ARP = 45 46 47 48 49 50
Link.0.LaneSection.0.LaneR.2.ID = 52
Link.0.LaneSection.0.LaneR.2 = 0 2.5 2.5 5 0 0 0
LanePath.0 = 16 7 2 10 0.1 0.1
LanePath.1 = 27 18 0.25 10 0.1 0.1
LanePath.2 = 40 31 2 10 0.1 0.1
LanePath.3 = 51 42 0.25 10 0.1 0.1
Route.0.ID = 56
Route.0.Name = Route_0
Route.0.DrvPath.ID = 57
Route.0.DrvPath:
	16
RL.1.SignPlate.0.ID = 2 1
RL.1.SignPlate.0 = 180.767 0 1.75 100 1.65 1.275 165 2 1.3 ""
RL.1.SignPlate.0.Material.0 = Textures/IPG/checkerboardPattern.png 0 0 0 0 1 1 1 1 0 0 180
RL.1.RoadMarking.0.ID = 55 6
RL.1.RoadMarking.0 = 0 0 0 1 0 0 0.15 0 2 0 0 2 4 1 1 0 ""
RL.1.RoadMarking.0.Material.0 = 1.0,1.0,1.0 0 0 0 0 0 0 0 0 0 0 0
RL.1.RoadMarking.1.ID = 41 31
RL.1.RoadMarking.1 = 0 0 0 1 0 -1 0.15 0 1 0 0 2 4 1 1 0 ""
RL.1.RoadMarking.1.Material.0 = 1.0,1.0,1.0 0 0 0 0 0 0 0 0 0 0 0
RL.1.RoadMarking.2.ID = 17 7
RL.1.RoadMarking.2 = 0 0 0 1 0 1 0.15 0 1 0 0 2 4 1 1 0 ""
RL.1.RoadMarking.2.Material.0 = 1.0,1.0,1.0 0 0 0 0 0 0 0 0 0 0 0
MaxUsedObjId = 57
